scene 0,0,-3,0,1,0,2,512,512,0.0,0.0,0.0
light 0,-1,-1,0.0,0.5,0.5
light 1,0,0,0.8,0.5,0.2
light 0,-1,0,0.5,0.5,0.5,0,10,-13,20
plane 0,1,0,0,-1,-13,200,200,0.5,0.5,0,0,0.7,0.7,0.5,0.8,1,1
plane -1,0,1,5,0,-14,5,5,0.1,0.6,0.3,0.4,0.8,0.4,0,0.5,0.5,5 M
plane 1,0,1,-5,0,-19,5,10,0.1,0.6,0.3,0.4,0.8,0.4,0,0.5,0.5,5 M
spher 0,1,-13,1,0.5,0.5,0.5,0.5,0.5,0.5,1,0.8,1,50 M
spher 0,2,-14,0.5,0.5,0,0.5,0,0.8,0.3,0.7,0.2,0.8,20
spher -1,2,-12,0.5,0.5,1,0.5,0,0.8,0.3,0.7,0.2,0.8,20
spher 1,1,-12,0.5,0.5,0.3,0.8,1,0.8,0.3,0.7,0.2,0.8,20